Šarru-ken, Šarru-ukin_2;SAA15;1-9;11-17;21-28;30-42;45-46;48-49;53-72;74;81;83-92;94-101;103-105;107-127;132;136-137;140-145;148;150-152;155-166;168;171;173-177;179-185;187-188;190;192-195;198;202;204;207;210;212-213;215;217-221;223-227;228;230-244;246-251;253-254;256-258;260-262;264;267-271;280-282;284;286;290-300;302;304-305;311;313;315-318;320;322-323;327-328;330;335;340-347;350-351;354;357;356;359-361;363;365;367-368;370;372-373;375-380;382;385-387;389
Šarru-ken, Šarru-ukin_2;SAA8;501
Sīn-šarru-iškun_1;SAA10;149
Aššūr-bāni-apli_1;SAA10;27;28;29;30;57;63;64;75;76;77;78;88;89;90;91;94;;96;100;101;104;105;131;134;136;137;138;139;140;141;152;173;174;180;182;186;195;196;197;224;225;226;227;228;276;345;346;381
Aššūr-bāni-apli_1;SAA8;3–8;47-56;82-85;102-104;115;144-147;168-170;175;185;186;327-328;383-388;416-419;437;487;491;505
Aššūr-bāni-apli_1;SAA9;7-11
Aššūr-bāni-apli_1;SAA13;56
Aššūr-ahu-iddina_7;SAA10;1–2;3;4;5;6;7;8;9;10;11;12;13;14;15;18;20;21;22;23;24;25;26;37;39;40;41;42;43;44;45;47;48;50;51;52;55;56;67;68;69;70;71;72;73;74;84;109;111;128;148;176;177;185;187;188;189;190;191;192;193;194;199;200;201;202;203;204;205;206;207;209;210;211;213;214;215;216;217;218;219;220;221;222;223;233;234;235;236;238;239;240;241;242;243;244;245;246;247;248;249;252;253;254;255;256;257;258;259;260;261;262;263;270;273;274;289;291;293;296;297;300;301;302;305;310;314;315;316;317;318;320;321;322;323;324;325;326;328;334;338;340;347;348;349;350;351;352;353;354;355;356;357;359;360;361;362;363;364;365;377;379;380;380
Aššūr-ahu-iddina_7;SAA8;1;39-46;80-81;100-101;114;143;181-182;245-255;288-289;300-302;316-317;323-326;336-341;356-357;364;369-371;380-382;438;451-454;456;462;469;477;486;500;502-504
Aššūr-ahu-iddina_7;SAA9;1;2;3;4
Aššūr-ahu-iddina_7;SAA12;88
Aššūr-ahu-iddina_7;SAA13;32;79
Aššūr-ahu-iddina_7;SAA16;14;15;17-27;29-33;36;39-47;59-68;71-92;95-102;105;108-115;117-121;123;125-129;131-132;134-145;148;150-155;157;160;162-166;168-169;171;174-176;178-196;199-202;204;206;211-212;214-215;217-219;221-222;226;228;230;242-243;246
